# querystring = {
#     "origins": "19.4162831,72.8143737;19.431060, 72.812969;19.432426, 72.810556;19.432934, 72.809668;19.414671, 72.816632;19.415032, 72.819658;19.414243, 72.822265;19.411171, 72.817333;19.413962, 72.815923;19.408389, 72.821165;19.411784, 72.822637"
# }

# coordinates of Holy Family Convent High School vasai
# querystring = {
#     "origins":"19.1992, 72.8981; 19.2092, 72.9081; 19.2035, 72.9132; 19.1894, 72.8897; 19.2030, 72.8852;19.2046, 72.9015; 19.2138, 72.8997;19.1965, 72.8956; 19.1918, 72.8993"
# }

# St. Francis
# 19.3152473472142, 72.85621263504753   school
# 19.31668912879359,72.85057936947739; 19.313916512308772, 72.85107532882343; 19.310365012064075, 72.85044869728496; 19.310365012064075,72.85044869728496; 19.310935003919386,72.86533233913663; 19.30812085826061, 72.86473357733612; 19.30812085826061, 72.86473357733612; 19.30812085826061,72.86473357733612;
# querystring = {
#     "origins":"19.315206395257285, 72.8562294478749; 19.31619612124383, 72.85880905329796; 19.314513705575436, 72.85873419213874; 19.314115778427634, 72.86044691452545; 19.313439540892766, 72.85813303698804; 19.312345500213628, 72.85346053377677; 19.31125827589783, 72.85321764255828; 19.309287244954707, 72.85360626834338; 19.30843686988745, 72.85456973635036"
# }


# school:19.1992, 72.8981
# east: 19.2092, 72.9081; 19.2035, 72.9132; 19.2127, 72.9218; 19.2048, 72.9227; 19.2083, 72.9296
# west: 19.1894, 72.8897; 19.2030, 72.8852; 19.1957, 72.8935; 19.2071, 72.8999; 19.1983, 72.8908
# north: 19.2046, 72.9015; 19.2138, 72.8997; 19.2073, 72.8946; 19.2159, 72.8938; 19.2087, 72.9043
# south: 19.1965, 72.8956; 19.1918, 72.8993; 19.1857, 72.8962; 19.1943, 72.8918; 19.1889, 72.8999

# querystring = {
#     "origins": "19.4162831,72.8143737;19.750123,72.812345;19.820456,73.123456;19.915678,72.987654;19.635241,72.894561;19.785432,73.009876;19.862345,73.567890;19.440987,73.456789;19.573219,72.876543;19.4162831,72.8143737;19.422660, 72.824139;19.416364, 72.823168;19.424607, 72.832879;19.419341, 72.863468;19.405832, 72.849630;19.430674, 72.871964;19.414533, 72.876091;19.403318, 72.855512;19.455826, 72.884469;19.463192, 72.886379;19.415861, 72.799788;19.415861, 72.799788;19.394468, 72.787671;19.409159, 72.766629;19.413953, 72.784554;19.404082, 72.779935;19.426318, 72.791275;19.418069, 72.783696;19.428919, 72.782503;19.432798, 72.775085;19.431496, 72.816258;19.432927, 72.807397;19.444236, 72.806896;19.454888, 72.818490;19.447766, 72.801410; 19.458543, 72.808466;19.427334, 72.810930;19.431060, 72.812969;19.432426, 72.810556;19.432934, 72.809668;19.414671, 72.816632;19.415032, 72.819658;19.414243, 72.822265;19.411171, 72.817333;19.413962, 72.815923;19.408389, 72.821165;19.411784, 72.822637;19.387040, 72.826636;19.387154, 72.810508;19.381602, 72.829194"
# }

# querystring = {
#     "origins": "19.693558,72.765518;19.540270,73.997322;19.981066,72.745178;19.453600,73.328201;19.357500,73.628201;19.620099,72.953521" 
# }

# querystring = {
#     "origins": "19.693558,72.765518;19.540270,73.997322;19.981066,72.745178;19.453600,73.328201;19.357500,73.628201;19.620099,72.953521;19.750123,72.812345;19.820456,73.123456;19.915678,72.987654;19.635241,72.894561;19.785432,73.009876;19.862345,73.567890;19.440987,73.456789;19.573219,72.876543"
# }